[gd_scene load_steps=19 format=2]

[ext_resource path="res://Instances/Player.tscn" type="PackedScene" id=1]
[ext_resource path="res://Instances/Environment/BuildingBlock.tscn" type="PackedScene" id=2]
[ext_resource path="res://Assets/Ogre/ogre_mat.tres" type="Material" id=3]
[ext_resource path="res://Assets/Ogre/ogre_arm_right.obj" type="ArrayMesh" id=4]
[ext_resource path="res://Assets/Ogre/ogre_head.obj" type="ArrayMesh" id=5]
[ext_resource path="res://Assets/Ogre/ogre_arm_left.obj" type="ArrayMesh" id=6]
[ext_resource path="res://Assets/Ogre/ogre_torso.obj" type="ArrayMesh" id=7]
[ext_resource path="res://Assets/Ogre/ogre_leg_left.obj" type="ArrayMesh" id=8]
[ext_resource path="res://Assets/Ogre/ogre_leg_right.obj" type="ArrayMesh" id=9]

[sub_resource type="PlaneMesh" id=1]
size = Vector2( 20, 20 )

[sub_resource type="BoxShape" id=2]
extents = Vector3( 100, 1, 100 )

[sub_resource type="BoxShape" id=3]

[sub_resource type="CubeMesh" id=4]

[sub_resource type="SpatialMaterial" id=5]
albedo_color = Color( 0.247059, 0.360784, 0.00392157, 1 )

[sub_resource type="SphereMesh" id=6]
radius = 0.1
height = 0.2

[sub_resource type="SphereShape" id=7]
radius = 0.1

[sub_resource type="CylinderMesh" id=8]
top_radius = 0.5
bottom_radius = 0.5
height = 0.1

[sub_resource type="CylinderShape" id=9]
radius = 0.5
height = 0.1

[node name="Spatial" type="Spatial"]

[node name="DirectionalLight" type="DirectionalLight" parent="."]
transform = Transform( 1, 0, 0, 0, 0.828256, 0.56035, 0, -0.56035, 0.828256, 0, 6.92696, 4.87195 )

[node name="Player" parent="." instance=ExtResource( 1 )]
movement_speed = 8.0
jump_strength = 8.0
number_of_extra_jumps = 1

[node name="Scene" type="Spatial" parent="."]
transform = Transform( 1, 0, 0, 0, 1, 0, 0, 0, 1, 0, 2, 0 )

[node name="Ground" type="RigidBody" parent="Scene"]
transform = Transform( 1, 0, 0, 0, 1, 0, 0, 0, 1, 0, -2, 0 )
collision_layer = 1048575
collision_mask = 1048575
mode = 1

[node name="MeshInstance" type="MeshInstance" parent="Scene/Ground"]
mesh = SubResource( 1 )
material/0 = null

[node name="CollisionShape" type="CollisionShape" parent="Scene/Ground"]
transform = Transform( 1, 0, 0, 0, 1, 0, 0, 0, 1, 0, -1.01751, 0 )
shape = SubResource( 2 )

[node name="RigidBody" type="RigidBody" parent="Scene"]
transform = Transform( 0.823146, 0, 0.567829, 0, 1, 0, -0.567829, 0, 0.823146, 0, 0, 6.25602 )
collision_layer = 513
collision_mask = 513

[node name="CollisionShape" type="CollisionShape" parent="Scene/RigidBody"]
shape = SubResource( 3 )

[node name="MeshInstance" type="MeshInstance" parent="Scene/RigidBody"]
mesh = SubResource( 4 )
material/0 = SubResource( 5 )

[node name="BuildingBlock" parent="Scene" instance=ExtResource( 2 )]
transform = Transform( 3.49574, 0, 0, 0, 0.330089, 0, 0, 0, 1, 9.01317, -1.7053, 11.017 )

[node name="BuildingBlock2" parent="Scene" instance=ExtResource( 2 )]
transform = Transform( 1, 0, 0, 0, 0.199055, 0, 0, 0, 1, 11.6494, -0.137314, 15.9638 )

[node name="BuildingBlock3" parent="Scene" instance=ExtResource( 2 )]
transform = Transform( 1, 0, 0, 0, 0.199055, 0, 0, 0, 1, 20.4163, 1.31497, 15.9638 )

[node name="BuildingBlock4" parent="Scene" instance=ExtResource( 2 )]
transform = Transform( 1, 0, 0, 0, 0.199055, 0, 0, 0, 1, 23.0896, 3.44816, 9.43012 )

[node name="RigidBody2" type="RigidBody" parent="Scene"]
transform = Transform( 1, 0, 0, 0, 1, 0, 0, 0, 1, 0, 2.46779, -10.2837 )
mode = 1

[node name="PinJoint" type="PinJoint" parent="Scene"]
transform = Transform( 1, 0, 0, 0, 1, 0, 0, 0, 1, 0, 2.46779, -10.2837 )
nodes/node_a = NodePath("../RigidBody2")
nodes/node_b = NodePath("../RigidBody3")

[node name="RigidBody3" type="RigidBody" parent="Scene"]
transform = Transform( 1, 0, 0, 0, 1, 0, 0, 0, 1, 0, 2.46779, -10.2837 )

[node name="MeshInstance" type="MeshInstance" parent="Scene/RigidBody3"]
mesh = SubResource( 6 )
material/0 = null

[node name="CollisionShape" type="CollisionShape" parent="Scene/RigidBody3"]
shape = SubResource( 7 )

[node name="PinJoint2" type="PinJoint" parent="Scene"]
transform = Transform( 1, 0, 0, 0, 1, 0, 0, 0, 1, 0, 2.37385, -10.2837 )
nodes/node_a = NodePath("../RigidBody3")
nodes/node_b = NodePath("../RigidBody4")

[node name="RigidBody4" type="RigidBody" parent="Scene"]
transform = Transform( 1, 0, 0, 0, 1, 0, 0, 0, 1, 0, 2.27131, -10.2837 )

[node name="MeshInstance" type="MeshInstance" parent="Scene/RigidBody4"]
mesh = SubResource( 6 )
material/0 = null

[node name="CollisionShape" type="CollisionShape" parent="Scene/RigidBody4"]
shape = SubResource( 7 )

[node name="PinJoint3" type="PinJoint" parent="Scene"]
transform = Transform( 1, 0, 0, 0, 1, 0, 0, 0, 1, 0, 2.17842, -10.2837 )
nodes/node_a = NodePath("../RigidBody4")
nodes/node_b = NodePath("../RigidBody5")

[node name="RigidBody5" type="RigidBody" parent="Scene"]
transform = Transform( 1, 0, 0, 0, 1, 0, 0, 0, 1, 0, 2.07466, -10.2837 )

[node name="MeshInstance" type="MeshInstance" parent="Scene/RigidBody5"]
mesh = SubResource( 6 )
material/0 = null

[node name="CollisionShape" type="CollisionShape" parent="Scene/RigidBody5"]
shape = SubResource( 7 )

[node name="PinJoint4" type="PinJoint" parent="Scene"]
transform = Transform( 1, 0, 0, 0, 1, 0, 0, 0, 1, 0, 1.96892, -10.2837 )
nodes/node_a = NodePath("../RigidBody5")
nodes/node_b = NodePath("../RigidBody6")

[node name="RigidBody6" type="RigidBody" parent="Scene"]
transform = Transform( 1, 0, 0, 0, -0.0298582, -0.999554, 0, 0.999554, -0.0298582, 0, 1.47761, -10.2837 )
collision_layer = 513
collision_mask = 513

[node name="MeshInstance" type="MeshInstance" parent="Scene/RigidBody6"]
mesh = SubResource( 8 )
material/0 = null

[node name="CollisionShape" type="CollisionShape" parent="Scene/RigidBody6"]
shape = SubResource( 9 )

[node name="OgreModelTest" type="Spatial" parent="."]
transform = Transform( 0.533021, 0, -0.453749, 0, 0.7, 0, 0.453749, 0, 0.533021, 4.8442, 1.1905, -5.6657 )

[node name="torso_mesh" type="MeshInstance" parent="OgreModelTest"]
transform = Transform( 1, 0, 0, 0, 1, 0, 0, 0, 1, 0.197003, 0.186195, -0.402591 )
mesh = ExtResource( 7 )
material/0 = ExtResource( 3 )

[node name="head" type="Spatial" parent="OgreModelTest"]
transform = Transform( 0.981581, 0.191044, 5.99896e-05, -0.187891, 0.96544, -0.180617, -0.0345638, 0.177279, 0.983553, 0, 0.458389, 0.0460939 )

[node name="head_mesh" type="MeshInstance" parent="OgreModelTest/head"]
transform = Transform( 1, 0, 0, 0, 1, 0, 0, 0, 1, 0.196077, -0.273401, -0.432902 )
mesh = ExtResource( 5 )
material/0 = ExtResource( 3 )

[node name="arm_left" type="Spatial" parent="OgreModelTest"]
transform = Transform( 1, 0, 0, 0, 0.999942, 0.010751, 0, -0.010751, 0.999942, 0.395279, 0.336485, 0.0354562 )

[node name="arm_right_mesh" type="MeshInstance" parent="OgreModelTest/arm_left"]
transform = Transform( 1, 0, 0, 0, 1, 0, 0, 0, 1, -0.198559, -2.04531, -1.53891 )
mesh = ExtResource( 6 )
material/0 = ExtResource( 3 )

[node name="arm_r" type="Spatial" parent="OgreModelTest"]
transform = Transform( 0.932947, 0.360013, 0, 0.254248, -0.658864, 0.707995, 0.254887, -0.660522, -0.706218, -0.400329, 0.347827, 0 )

[node name="arm_left_mesh" type="MeshInstance" parent="OgreModelTest/arm_r"]
transform = Transform( 1, 0, 0, 0, 1, 0, 0, 0, 1, -0.49877, -2.05414, -1.5029 )
mesh = ExtResource( 4 )
material/0 = ExtResource( 3 )

[node name="leg_right" type="Spatial" parent="OgreModelTest"]
transform = Transform( 1, 0, 0, 0, 0.994808, -0.101768, 0, 0.101768, 0.994808, -0.2, -0.5, -1.62125e-05 )

[node name="leg_right_mesh" type="MeshInstance" parent="OgreModelTest/leg_right"]
transform = Transform( 1, 0, 0, 0, 1, 0, 0, 0, 1, 1, -1.2, -1.50287 )
mesh = ExtResource( 9 )
material/0 = ExtResource( 3 )

[node name="leg_left" type="Spatial" parent="OgreModelTest"]
transform = Transform( 0.976277, -0.216525, 0, 0.212843, 0.959677, 0.183625, -0.0397595, -0.179269, 0.982996, 0.2, -0.5, -1.62125e-05 )

[node name="leg_left_mesh" type="MeshInstance" parent="OgreModelTest/leg_left"]
transform = Transform( 1, 0, 0, 0, 1, 0, 0, 0, 1, 0.6, -1.2, -1.50287 )
mesh = ExtResource( 8 )
material/0 = ExtResource( 3 )

[node name="OgreModelTest2" type="Spatial" parent="."]
transform = Transform( 0.0962595, 0, -0.69335, 0, 0.7, 0, 0.69335, 0, 0.0962595, 5.61377, 1.1905, -3.75521 )

[node name="torso_mesh" type="MeshInstance" parent="OgreModelTest2"]
transform = Transform( 1, 0, 0, 0, 1, 0, 0, 0, 1, 0.197003, 0.186195, -0.402591 )
mesh = ExtResource( 7 )
material/0 = ExtResource( 3 )

[node name="head" type="Spatial" parent="OgreModelTest2"]
transform = Transform( 0.77415, 0, -0.633003, 0, 1, 0, 0.633003, 0, 0.774149, -9.53674e-07, 0.45839, 0.046093 )

[node name="head_mesh" type="MeshInstance" parent="OgreModelTest2/head"]
transform = Transform( 1, 0, 0, 0, 1, 0, 0, 0, 1, 0.196077, -0.273401, -0.432902 )
mesh = ExtResource( 5 )
material/0 = ExtResource( 3 )

[node name="arm_left" type="Spatial" parent="OgreModelTest2"]
transform = Transform( 0.992255, 0.110383, 0.0569812, -0.110989, 0.581765, 0.805748, 0.0557912, -0.805832, 0.58951, 0.395279, 0.336485, 0.0354557 )

[node name="arm_right_mesh" type="MeshInstance" parent="OgreModelTest2/arm_left"]
transform = Transform( 1, 0, 0, 0, 1, 0, 0, 0, 1, -0.198559, -2.04531, -1.53891 )
mesh = ExtResource( 6 )
material/0 = ExtResource( 3 )

[node name="arm_r" type="Spatial" parent="OgreModelTest2"]
transform = Transform( 0.855298, 0.437062, -0.278285, -0.102225, 0.668872, 0.736317, 0.507953, -0.601322, 0.616763, -0.400329, 0.347827, 0 )

[node name="arm_left_mesh" type="MeshInstance" parent="OgreModelTest2/arm_r"]
transform = Transform( 1, 0, 0, 0, 1, 0, 0, 0, 1, -0.49877, -2.05414, -1.5029 )
mesh = ExtResource( 4 )
material/0 = ExtResource( 3 )

[node name="leg_right" type="Spatial" parent="OgreModelTest2"]
transform = Transform( 0.999676, 0.025343, 0.00233309, -0.025343, 0.982871, 0.182544, 0.00233307, -0.182544, 0.983195, -0.200001, -0.5, -1.62125e-05 )

[node name="leg_right_mesh" type="MeshInstance" parent="OgreModelTest2/leg_right"]
transform = Transform( 1, 0, 0, 0, 1, 0, 0, 0, 1, 1, -1.2, -1.50287 )
mesh = ExtResource( 9 )
material/0 = ExtResource( 3 )

[node name="leg_left" type="Spatial" parent="OgreModelTest2"]
transform = Transform( 0.999648, -0.0263943, 0.00253254, 0.0263943, 0.981407, -0.190116, 0.00253254, 0.190116, 0.981758, 0.2, -0.5, -1.62125e-05 )

[node name="leg_left_mesh" type="MeshInstance" parent="OgreModelTest2/leg_left"]
transform = Transform( 1, 0, 0, 0, 1, 0, 0, 0, 1, 0.6, -1.2, -1.50287 )
mesh = ExtResource( 8 )
material/0 = ExtResource( 3 )
