[gd_scene load_steps=7 format=2]

[ext_resource path="res://RigidBody.gd" type="Script" id=1]
[ext_resource path="res://Camera.tscn" type="PackedScene" id=2]

[sub_resource type="SphereShape" id=1]

[sub_resource type="SphereMesh" id=2]

[sub_resource type="SpatialMaterial" id=3]
flags_transparent = true
albedo_color = Color( 1, 1, 1, 0.529412 )

[sub_resource type="SphereMesh" id=4]
material = SubResource( 3 )
radius = 5.0
height = 10.0

[node name="Spatial" type="Spatial"]

[node name="RigidBody" type="RigidBody" parent="."]
transform = Transform( 0.997715, 0.0629621, -0.0244886, -0.0631263, 0.997988, -0.00599278, 0.024062, 0.00752495, 0.999682, -0.428908, 20.9796, 0.536454 )
script = ExtResource( 1 )

[node name="CollisionShape" type="CollisionShape" parent="RigidBody"]
transform = Transform( 1, 1.45519e-009, 1.86265e-009, 1.62981e-009, 1, 0, -1.86265e-009, -4.65661e-010, 1, 0, 0, 0 )
shape = SubResource( 1 )

[node name="MeshInstance" type="MeshInstance" parent="RigidBody"]
transform = Transform( 1, 1.45519e-009, 1.86265e-009, 1.62981e-009, 1, 0, -1.86265e-009, -4.65661e-010, 1, 0, 0, 0 )
mesh = SubResource( 2 )
material/0 = null

[node name="RigidBody2" type="RigidBody" parent="."]
transform = Transform( 0.997715, 0.0629621, -0.0244886, -0.0631263, 0.997988, -0.00599278, 0.024062, 0.00752495, 0.999682, -0.428908, 20.9796, 0.536454 )
script = ExtResource( 1 )

[node name="CollisionShape" type="CollisionShape" parent="RigidBody2"]
transform = Transform( 1, 1.42609e-009, 5.58794e-009, 1.60071e-009, 1, -4.65661e-010, -5.58794e-009, -1.39698e-009, 1, -0.148278, -1.03294, -0.385741 )
shape = SubResource( 1 )

[node name="MeshInstance" type="MeshInstance" parent="RigidBody2"]
transform = Transform( 1, 1.42609e-009, 5.58794e-009, 1.60071e-009, 1, -4.65661e-010, -5.58794e-009, -1.39698e-009, 1, 0.0234143, -0.317657, -1.5527e-005 )
mesh = SubResource( 2 )
material/0 = null

[node name="Camera" parent="." instance=ExtResource( 2 )]
transform = Transform( 0.996802, -0.0799033, 0.00106457, 0.0797942, 0.995982, 0.0406471, -0.00430813, -0.0404322, 0.999173, 0.477563, 0.859621, 11.6014 )
fov = 68.543

[node name="MeshInstance" type="MeshInstance" parent="."]
mesh = SubResource( 4 )
material/0 = null
